camera_position = 0.000000, -2.598076, -1.500000
target = 0.000000, 0.000000, 0.000000
up = 0.000000, 1.000000, 0.000000
field_of_view  = 1.047198
z_near  = 0.100000
z_far  = 100.000000
